1.71139491624e-10 0.0098036074793 -8.25737256349e-11 -2.27373675443e-16 0.649999999981 0.650427646787
1.71139491624e-10 0.0098036074793 -8.25737256349e-11 -2.27373675443e-16 0.649999999981 0.650427646787
1.71139491624e-10 0.0098036074793 -8.25737256349e-11 -2.27373675443e-16 0.649999999981 0.650427646787
1.71139491624e-10 0.0 -8.25737256349e-11 0.0413602941176 0.649999999981 0.61140198798
1.71139491624e-10 0.0 -8.25737256349e-11 -2.27373675443e-16 0.649999999981 0.650427646787
0.599999999981 0.604305506866 2.69039790446e-11 -0.00275735294118 0.650000000008 0.650427646787
0.597464048541 0.604305506866 -0.000380053073633 -0.00275735294118 0.677031951428 0.676444752658
0.597464048541 0.604305506866 -0.000380053073633 -0.00275735294118 0.677031951428 0.676444752658
0.749999999991 0.743755584299 -0.000380000028994 -2.27373675443e-16 0.677032000026 0.676444752658
0.799999999995 0.764711459618 -0.00037999995055 -0.00275735294118 0.677032000011 0.676444752658
0.850000000022 0.723408722203 -0.000379999996494 -0.00275735294118 0.677031999996 0.676444752658
0.849999000006 0.723408722203 -0.000380000043388 -0.00275735294118 0.700000000041 0.699860147943
0.750000000006 0.750929062398 -0.0500000000391 -0.0523897058824 0.750000000045 0.746690938511
0.230000000004 0.496422753405 -0.0500000000119 -0.124080882353 0.750000000059 0.770106333796
0.230000000004 0.216550304976 0.0499999999881 0.0496323529412 0.700000000059 0.699860147943
0.150000000116 0.146012257711 0.099999999998 0.0992647058824 0.750000000067 0.746690938511
0.200000000257 0.185945678556 0.149999999978 0.148897058824 0.750000000012 0.746690938511
-1.45354082014e-11 0.00970843283411 0.150000000079 0.148897058824 0.749999999966 0.746690938511
0.100000000008 0.0967840451075 -0.149999999972 -0.151654411765 0.849999999919 0.840352519649
0.0500000003478 0.0599281551212 -0.149999999994 -0.151654411765 0.550000000179 0.55676606565
0.0299999999804 0.029403288204 -0.100000000041 -0.102022058824 0.549999999998 0.55676606565
-8.34532238321e-12 0.0096150882997 -0.0499999999544 -0.0523897058824 0.569999999987 0.57497803976
0.130000000112 0.126767535101 -0.0299999999728 -0.0303308823529 0.770000000041 0.764902912621
0.0699999999074 0.0678568228563 -0.0499999999676 -0.0523897058824 0.78999999999 0.783114886731
0.109999999972 0.106392854699 -0.0700000000277 -0.0716911764706 0.809999999998 0.801326860841
0.130000000055 0.117108744567 -0.0899999999717 -0.0909926470588 0.830000000107 0.819538834951
0.150000000141 0.146012257711 -0.109999999975 -0.110294117647 0.850000000102 0.840352519649
0.170000000096 0.157110265347 -0.13 -0.132352941176 0.650000000045 0.650427646787
0.18999999997 0.178092938231 -0.149999999963 -0.151654411765 0.670000000008 0.671241331484
0.209999999985 0.212432020509 -0.170000000009 -0.170955882353 0.690000000034 0.689453305594
0.229999999961 0.228273773238 -0.189999999971 -0.193014705882 0.71 0.707665279704
0.249999999962 0.251955294119 -0.209999999979 -0.212316176471 0.730000000034 0.725877253814
0.270000000015 0.268840481679 0.209999999948 0.209558823529 0.749999999916 0.746690938511
0.290000000037 0.28495735025 0.190000000013 0.184742647059 0.769999999989 0.77530975497
0.309999999972 0.309328833075 0.189999999959 0.190257352941 0.789999999984 0.783114886731
0.350000000181 0.352990387827 0.169999999958 0.168198529412 0.800000000052 0.79352172908
0.369999999994 0.364407589145 0.170000000052 0.168198529412 0.500000000012 0.507333564494
0.0500000001309 0.0391956019271 0.0100000000238 0.00827205882353 0.670000000093 0.671241331484
0.0700000001834 0.0977269073587 0.0150000000224 0.0137867647059 0.690000000043 0.689453305594
0.0700000001039 0.0713074647853 0.0230000000335 0.0248161764706 0.690000000043 0.660834489135
0.0749999999958 0.249978621461 0.0230000000468 0.0110294117647 0.694999999997 0.697258437356
0.0749999999958 0.0678568228563 0.0230000000468 0.0193014705882 0.694999999997 0.692055016181
0.0800000000349 0.0880073735277 0.0229999999741 0.0220588235294 0.695000000001 0.694656726768
0.0800000000235 0.0775142816308 0.0160000000135 0.0137867647059 0.723000000011 0.72067383264
0.0834000001382 0.0782711405213 -0.0150000000101 -0.0165441176471 0.735000000046 0.731080674988
0.253000000005 0.25682644997 -0.0130000000153 -0.0137867647059 0.730999999993 0.728478964401
0.430000000475 0.429029410045 -0.0050000000462 -0.00827205882353 0.630000000201 0.632215672677
0.490000000032 0.485383315843 -1.84326165442e-11 -0.00275735294118 0.660000000024 0.660834489135
1.71139491624e-10 0.0098036074793 -8.25737256349e-11 -2.27373675443e-16 0.649999999981 0.650427646787
1.71139491624e-10 0.0098036074793 -8.25737256349e-11 -2.27373675443e-16 0.649999999981 0.650427646787
1.71139491624e-10 0.0098036074793 -8.25737256349e-11 -2.27373675443e-16 0.649999999981 0.650427646787
1.71139491624e-10 0.0147048223779 -8.25737256349e-11 0.0992647058824 0.649999999981 0.634817383264
1.71139491624e-10 0.0098036074793 -8.25737256349e-11 -2.27373675443e-16 0.649999999981 0.650427646787
1.71139491624e-10 0.0098036074793 -8.25737256349e-11 -2.27373675443e-16 0.649999999981 0.650427646787
1.71139491624e-10 0.0098036074793 -8.25737256349e-11 -2.27373675443e-16 0.649999999981 0.650427646787
1.71139491624e-10 0.0098036074793 -8.25737256349e-11 -2.27373675443e-16 0.649999999981 0.650427646787
1.71139491624e-10 0.0098036074793 -8.25737256349e-11 -2.27373675443e-16 0.649999999981 0.650427646787
1.71139491624e-10 0.0098036074793 -8.25737256349e-11 -2.27373675443e-16 0.649999999981 0.650427646787
1.71139491624e-10 0.0098036074793 -8.25737256349e-11 -2.27373675443e-16 0.649999999981 0.650427646787
1.71139491624e-10 0.0 -8.25737256349e-11 -2.27373675443e-16 0.649999999981 0.650427646787
1.71139491624e-10 0.160375443976 -8.25737256349e-11 -0.0137867647059 0.649999999981 0.627012251503
1.71139491624e-10 0.0098036074793 -8.25737256349e-11 -2.27373675443e-16 0.649999999981 0.650427646787
1.71139491624e-10 0.162489109217 -8.25737256349e-11 -0.0882352941176 0.649999999981 0.681648173833
1.71139491624e-10 0.0098036074793 -8.25737256349e-11 -2.27373675443e-16 0.649999999981 0.650427646787
1.71139491624e-10 0.0098036074793 -8.25737256349e-11 -2.27373675443e-16 0.649999999981 0.650427646787
1.71139491624e-10 0.0098036074793 -8.25737256349e-11 -2.27373675443e-16 0.649999999981 0.650427646787
1.71139491624e-10 0.0098036074793 -8.25737256349e-11 -2.27373675443e-16 0.649999999981 0.650427646787
1.71139491624e-10 0.0098036074793 -8.25737256349e-11 -2.27373675443e-16 0.649999999981 0.650427646787
1.71139491624e-10 0.0098036074793 -8.25737256349e-11 -2.27373675443e-16 0.649999999981 0.650427646787
1.71139491624e-10 0.0 -8.25737256349e-11 -2.27373675443e-16 0.649999999981 0.650427646787
1.71139491624e-10 0.0098036074793 -8.25737256349e-11 -2.27373675443e-16 0.649999999981 0.650427646787
1.71139491624e-10 0.0098036074793 -8.25737256349e-11 -2.27373675443e-16 0.649999999981 0.650427646787
1.71139491624e-10 0.0098036074793 -8.25737256349e-11 -2.27373675443e-16 0.649999999981 0.650427646787
1.71139491624e-10 0.0098036074793 -8.25737256349e-11 -2.27373675443e-16 0.649999999981 0.650427646787
1.71139491624e-10 0.0098036074793 -8.25737256349e-11 -2.27373675443e-16 0.649999999981 0.650427646787
1.71139491624e-10 0.0098036074793 -8.25737256349e-11 -2.27373675443e-16 0.649999999981 0.650427646787
1.71139491624e-10 0.0098036074793 -8.25737256349e-11 -2.27373675443e-16 0.649999999981 0.650427646787
1.71139491624e-10 0.0 -8.25737256349e-11 -2.27373675443e-16 0.649999999981 0.650427646787
1.71139491624e-10 0.0 -8.25737256349e-11 -2.27373675443e-16 0.649999999981 0.61140198798
1.71139491624e-10 0.0 -8.25737256349e-11 0.0330882352941 0.649999999981 0.689453305594
1.71139491624e-10 0.0 -8.25737256349e-11 -2.27373675443e-16 0.649999999981 0.650427646787
1.71139491624e-10 0.0098036074793 -8.25737256349e-11 -2.27373675443e-16 0.649999999981 0.650427646787
1.71139491624e-10 0.0098036074793 -8.25737256349e-11 -2.27373675443e-16 0.649999999981 0.650427646787
1.71139491624e-10 0.212432020509 -8.25737256349e-11 -0.00275735294118 0.649999999981 0.671241331484
1.71139491624e-10 0.0243854091727 -8.25737256349e-11 0.0744485294118 0.649999999981 0.616605409154
1.71139491624e-10 0.0 -8.25737256349e-11 0.0303308823529 0.649999999981 0.600995145631
1.71139491624e-10 0.0178552451396 -8.25737256349e-11 0.0744485294118 0.649999999981 0.632215672677
1.71139491624e-10 0.144441578375 -8.25737256349e-11 0.0441176470588 0.649999999981 0.653029357374
1.71139491624e-10 0.0 -8.25737256349e-11 -2.27373675443e-16 0.649999999981 0.650427646787
1.71139491624e-10 0.0 -8.25737256349e-11 -2.27373675443e-16 0.649999999981 0.650427646787
1.71139491624e-10 0.0098036074793 -8.25737256349e-11 -2.27373675443e-16 0.649999999981 0.650427646787
1.71139491624e-10 0.0098036074793 -8.25737256349e-11 -2.27373675443e-16 0.649999999981 0.650427646787
1.71139491624e-10 0.0098036074793 -8.25737256349e-11 -2.27373675443e-16 0.649999999981 0.650427646787
1.71139491624e-10 0.0098036074793 -8.25737256349e-11 -2.27373675443e-16 0.649999999981 0.653029357374
1.71139491624e-10 0.0098036074793 -8.25737256349e-11 -2.27373675443e-16 0.649999999981 0.650427646787
1.71139491624e-10 0.0 -8.25737256349e-11 -2.27373675443e-16 0.649999999981 0.650427646787
0.450000000003 0.450661326081 7.53805351472e-12 -0.00275735294118 0.649999999976 0.650427646787
0.450000000003 0.441911902159 7.53805351472e-12 -0.00275735294118 0.649999999976 0.650427646787
0.450000000003 0.450661326081 7.53805351472e-12 -0.00275735294118 0.649999999976 0.650427646787
0.447686003972 0.332820212927 -0.000555622319967 0.0551470588235 0.655421286708 0.595791724457
0.447686003972 0.441911902159 -0.000555622319967 -0.00275735294118 0.655421286708 0.655631067961
0.447686003972 0.437791303642 -0.000555622319967 -0.00827205882353 0.655421286708 0.676444752658
0.447686003972 0.437791303642 -0.000555622319967 -0.00275735294118 0.655421286708 0.655631067961
0.447686003972 0.437791303642 -0.000555622319967 -0.00275735294118 0.655421286708 0.655631067961
0.447686003972 0.437791303642 -0.000555622319967 -0.00275735294118 0.655421286708 0.655631067961
0.447686003972 0.433089438723 -0.000555622319967 -0.00275735294118 0.655421286708 0.655631067961
0.447686003972 0.437791303642 -0.000555622319967 -0.00275735294118 0.655421286708 0.658232778548
0.447686003972 0.441911902159 -0.000555622319967 -0.00275735294118 0.655421286708 0.655631067961
-1.13699123229e-11 0.00970843283411 -0.000556000012925 -0.00275735294118 0.655421 0.658232778548
-1.13699123229e-11 0.0096150882997 -0.000556000012925 -0.00275735294118 0.655421 0.655631067961
-1.13699123229e-11 0.0096150882997 -0.000556000012925 -0.00275735294118 0.655421 0.655631067961
-1.13699123229e-11 1.57079632679 -0.000556000012925 -0.0413602941176 0.655421 0.587986592695
-1.13699123229e-11 0.00970843283411 -0.000556000012925 -0.00275735294118 0.655421 0.658232778548
-1.13699123229e-11 0.0096150882997 -0.000556000012925 -0.00275735294118 0.655421 0.655631067961
-1.13699123229e-11 0.0096150882997 -0.000556000012925 -0.00275735294118 0.655421 0.655631067961
-1.13699123229e-11 0.0096150882997 -0.000556000012925 -0.00275735294118 0.655421 0.655631067961
-4.00690089429e-11 0.0 -0.00055599995717 -0.00275735294118 0.550000000053 0.55676606565
-4.00690089429e-11 0.0 -0.00055599995717 -0.00275735294118 0.550000000053 0.55676606565
-4.00690089429e-11 0.0 -0.00055599995717 -0.00275735294118 0.550000000053 0.55676606565
-4.00690089429e-11 0.0 -0.00055599995717 -0.00275735294118 0.550000000053 0.55676606565
-0.310389104353 0.299947156497 -0.0194602653148 -0.0220588235294 0.703229954014 0.70246185853
-0.310389104353 0.299947156497 -0.0194602653148 -0.0220588235294 0.703229954014 0.70246185853
-0.310389104353 0.299947156497 -0.0194602653148 -0.0220588235294 0.703229954014 0.70246185853
-0.310389104353 0.299947156497 -0.0194602653148 -0.0220588235294 0.703229954014 0.70246185853
-0.310389104353 0.299947156497 -0.0194602653148 -0.0220588235294 0.703229954014 0.70246185853
-0.310389104353 0.299947156497 -0.0194602653148 -0.0220588235294 0.703229954014 0.70246185853
-0.310389104353 0.299947156497 -0.0194602653148 -0.0220588235294 0.703229954014 0.70246185853
-6.75961054594e-11 0.0 -0.019460000002 -0.0220588235294 0.64999999998 0.650427646787
-6.75961054594e-11 0.0 -0.019460000002 -0.0220588235294 0.64999999998 0.650427646787
-6.75961054594e-11 0.0 -0.019460000002 -0.0220588235294 0.64999999998 0.650427646787
-6.75961054594e-11 0.0 -0.019460000002 -0.0220588235294 0.64999999998 0.650427646787
-6.75961054594e-11 0.0 -0.019460000002 -0.0220588235294 0.64999999998 0.650427646787
-6.75961054594e-11 0.0 -0.019460000002 -0.0220588235294 0.64999999998 0.650427646787
-6.75961054594e-11 0.0 -0.019460000002 -0.0220588235294 0.64999999998 0.650427646787
-6.75961054594e-11 0.0 -0.019460000002 -0.0220588235294 0.64999999998 0.650427646787
-6.75961054594e-11 0.0 -0.019460000002 -0.0220588235294 0.64999999998 0.650427646787
-6.75961054594e-11 0.0 -0.019460000002 -0.0220588235294 0.64999999998 0.650427646787
-6.75961054594e-11 0.0 -0.019460000002 -0.0220588235294 0.64999999998 0.650427646787
-6.75961054594e-11 0.0 -0.019460000002 -0.0220588235294 0.64999999998 0.650427646787
-6.75961054594e-11 0.0 -0.019460000002 -0.0220588235294 0.64999999998 0.650427646787
-6.75961054594e-11 0.0 -0.019460000002 -0.0220588235294 0.64999999998 0.650427646787
-6.75961054594e-11 0.0 -0.019460000002 -0.0220588235294 0.64999999998 0.650427646787
-6.75961054594e-11 0.0 -0.019460000002 -0.0220588235294 0.64999999998 0.650427646787
-6.75961054594e-11 0.0 -0.019460000002 -0.0220588235294 0.64999999998 0.650427646787
-6.75961054594e-11 0.0 -0.019460000002 -0.0220588235294 0.64999999998 0.650427646787
-6.75961054594e-11 0.0 -0.019460000002 -0.0220588235294 0.64999999998 0.650427646787
-6.75961054594e-11 0.0 -0.019460000002 -0.0220588235294 0.64999999998 0.650427646787
-6.75961054594e-11 0.0 -0.019460000002 -0.0220588235294 0.64999999998 0.650427646787
-6.75961054594e-11 0.0 -0.019460000002 -0.0220588235294 0.64999999998 0.650427646787
-6.75961054594e-11 0.0 -0.019460000002 -0.0220588235294 0.64999999998 0.650427646787
-6.75961054594e-11 0.0 -0.019460000002 -0.0220588235294 0.64999999998 0.650427646787
-6.75961054594e-11 0.0 -0.019460000002 -0.0220588235294 0.64999999998 0.650427646787
-6.75961054594e-11 0.0 -0.019460000002 -0.0220588235294 0.64999999998 0.650427646787
-6.75961054594e-11 0.0 -0.019460000002 -0.0220588235294 0.64999999998 0.650427646787
-6.75961054594e-11 0.0 -0.019460000002 -0.0220588235294 0.64999999998 0.650427646787
-6.75961054594e-11 0.0 -0.019460000002 -0.0220588235294 0.64999999998 0.650427646787
-6.75961054594e-11 0.0 -0.019460000002 -0.0220588235294 0.64999999998 0.650427646787
-6.75961054594e-11 0.153707529058 -0.019460000002 -0.0799632352941 0.64999999998 0.650427646787
-6.75961054594e-11 0.710909373184 -0.019460000002 -0.0772058823529 0.64999999998 0.694656726768
-6.75961054594e-11 0.0 -0.019460000002 -0.0220588235294 0.64999999998 0.650427646787
-6.75961054594e-11 0.0 -0.019460000002 -0.0220588235294 0.64999999998 0.650427646787
-6.75961054594e-11 0.0 -0.019460000002 -0.0220588235294 0.64999999998 0.650427646787
-6.75961054594e-11 0.0 -0.019460000002 -0.0220588235294 0.64999999998 0.650427646787
-6.75961054594e-11 0.0 -0.019460000002 -0.0220588235294 0.64999999998 0.650427646787
-6.75961054594e-11 0.0 -0.019460000002 -0.0220588235294 0.64999999998 0.650427646787
-6.75961054594e-11 0.0 -0.019460000002 -0.0220588235294 0.64999999998 0.650427646787
-6.75961054594e-11 0.0 -0.019460000002 -0.0220588235294 0.64999999998 0.650427646787
-6.75961054594e-11 0.0 -0.019460000002 -0.0220588235294 0.64999999998 0.650427646787
-6.75961054594e-11 0.0 -0.019460000002 -0.0220588235294 0.64999999998 0.650427646787
-6.75961054594e-11 0.0 -0.019460000002 -0.0220588235294 0.64999999998 0.650427646787
-6.75961054594e-11 0.0 -0.019460000002 -0.0220588235294 0.64999999998 0.650427646787
-6.75961054594e-11 0.0 -0.019460000002 -0.0220588235294 0.64999999998 0.650427646787
-6.75961054594e-11 0.0 -0.019460000002 -0.0220588235294 0.64999999998 0.650427646787
-6.75961054594e-11 0.0 -0.019460000002 -0.0220588235294 0.64999999998 0.650427646787
-6.75961054594e-11 0.0 -0.019460000002 -0.0220588235294 0.64999999998 0.650427646787
-6.75961054594e-11 0.0 -0.019460000002 -0.0220588235294 0.64999999998 0.650427646787
-6.75961054594e-11 0.0 -0.019460000002 -0.0220588235294 0.64999999998 0.650427646787
-6.75961054594e-11 0.0 -0.019460000002 -0.0220588235294 0.64999999998 0.650427646787
-6.75961054594e-11 0.0 -0.019460000002 -0.0220588235294 0.64999999998 0.650427646787
1.71139491624e-10 0.0 -8.25737256349e-11 -2.27373675443e-16 0.649999999981 0.650427646787
1.71139491624e-10 0.0098036074793 -8.25737256349e-11 -2.27373675443e-16 0.649999999981 0.650427646787
1.71139491624e-10 0.0 -8.25737256349e-11 -2.27373675443e-16 0.649999999981 0.650427646787
1.71139491624e-10 0.0 -8.25737256349e-11 -2.27373675443e-16 0.649999999981 0.650427646787
1.71139491624e-10 0.0098036074793 -8.25737256349e-11 -2.27373675443e-16 0.649999999981 0.650427646787
1.71139491624e-10 0.0098036074793 -8.25737256349e-11 -2.27373675443e-16 0.649999999981 0.650427646787
1.71139491624e-10 0.0 -8.25737256349e-11 -2.27373675443e-16 0.649999999981 0.650427646787
1.71139491624e-10 0.0098036074793 -8.25737256349e-11 -2.27373675443e-16 0.649999999981 0.650427646787
1.71139491624e-10 0.0098036074793 -8.25737256349e-11 -2.27373675443e-16 0.649999999981 0.650427646787
1.71139491624e-10 0.0098036074793 -8.25737256349e-11 -2.27373675443e-16 0.649999999981 0.650427646787
1.71139491624e-10 0.0098036074793 -8.25737256349e-11 -2.27373675443e-16 0.649999999981 0.650427646787
1.71139491624e-10 0.0098036074793 -8.25737256349e-11 -2.27373675443e-16 0.649999999981 0.650427646787
1.71139491624e-10 0.0098036074793 -8.25737256349e-11 -2.27373675443e-16 0.649999999981 0.650427646787
1.71139491624e-10 0.0098036074793 -8.25737256349e-11 -2.27373675443e-16 0.649999999981 0.650427646787
1.71139491624e-10 0.0098036074793 -8.25737256349e-11 -2.27373675443e-16 0.649999999981 0.650427646787
1.71139491624e-10 0.0098036074793 -8.25737256349e-11 -2.27373675443e-16 0.649999999981 0.650427646787
1.71139491624e-10 0.0098036074793 -8.25737256349e-11 -2.27373675443e-16 0.649999999981 0.650427646787
1.71139491624e-10 0.0098036074793 -8.25737256349e-11 -2.27373675443e-16 0.649999999981 0.650427646787
1.71139491624e-10 0.0098036074793 -8.25737256349e-11 -2.27373675443e-16 0.649999999981 0.650427646787
1.71139491624e-10 0.0098036074793 -8.25737256349e-11 -2.27373675443e-16 0.649999999981 0.650427646787
1.71139491624e-10 0.0 -8.25737256349e-11 -2.27373675443e-16 0.649999999981 0.650427646787
1.71139491624e-10 0.0098036074793 -8.25737256349e-11 -2.27373675443e-16 0.649999999981 0.650427646787
1.71139491624e-10 0.0098036074793 -8.25737256349e-11 -2.27373675443e-16 0.649999999981 0.650427646787
1.71139491624e-10 0.0098036074793 -8.25737256349e-11 -2.27373675443e-16 0.649999999981 0.650427646787
1.71139491624e-10 0.0098036074793 -8.25737256349e-11 -2.27373675443e-16 0.649999999981 0.650427646787
1.71139491624e-10 0.0098036074793 -8.25737256349e-11 -2.27373675443e-16 0.649999999981 0.650427646787
1.71139491624e-10 0.0098036074793 -8.25737256349e-11 -2.27373675443e-16 0.649999999981 0.650427646787
1.71139491624e-10 0.0098036074793 -8.25737256349e-11 -2.27373675443e-16 0.649999999981 0.650427646787
1.71139491624e-10 0.0098036074793 -8.25737256349e-11 -2.27373675443e-16 0.649999999981 0.650427646787
1.71139491624e-10 0.0098036074793 -8.25737256349e-11 -2.27373675443e-16 0.649999999981 0.650427646787
1.71139491624e-10 0.0098036074793 -8.25737256349e-11 -2.27373675443e-16 0.649999999981 0.650427646787
1.71139491624e-10 0.0098036074793 -8.25737256349e-11 -2.27373675443e-16 0.649999999981 0.650427646787
1.71139491624e-10 0.0098036074793 -8.25737256349e-11 -2.27373675443e-16 0.649999999981 0.650427646787
1.71139491624e-10 0.0098036074793 -8.25737256349e-11 -2.27373675443e-16 0.649999999981 0.650427646787
1.71139491624e-10 0.0098036074793 -8.25737256349e-11 -2.27373675443e-16 0.649999999981 0.650427646787
1.71139491624e-10 0.0098036074793 -8.25737256349e-11 -2.27373675443e-16 0.649999999981 0.650427646787
1.71139491624e-10 0.0098036074793 -8.25737256349e-11 -2.27373675443e-16 0.649999999981 0.650427646787
1.71139491624e-10 0.0098036074793 -8.25737256349e-11 -2.27373675443e-16 0.649999999981 0.650427646787
1.71139491624e-10 0.0098036074793 -8.25737256349e-11 -2.27373675443e-16 0.649999999981 0.650427646787
1.71139491624e-10 0.0098036074793 -8.25737256349e-11 -2.27373675443e-16 0.649999999981 0.650427646787
1.71139491624e-10 0.0098036074793 -8.25737256349e-11 -2.27373675443e-16 0.649999999981 0.650427646787
1.71139491624e-10 0.0098036074793 -8.25737256349e-11 -2.27373675443e-16 0.649999999981 0.650427646787
1.71139491624e-10 0.0098036074793 -8.25737256349e-11 -2.27373675443e-16 0.649999999981 0.650427646787
